116599
116259
116264
116267
116304
116305
116306
116320
116586
116589
116255
116650
116655
116677
116690
116905
116907
116908
116942
116943
115661
107318
107319
113975
115140
115579
115583
115622
115623
115624
107317
115667
116180
116226
116232
116247
116250
116251
116252
116977
116979
116980
116981
116983
116984
116593
116595
116596
116602
116647
116648
116897
116904
116590
116920
116985
118173
118202
118252
118735
118737
118739
118925
118206
118256
119193
119209
119206
119205
119203
119200
119198
119197
119196
119195
119194
119192
119191
119190
119189
119188
119187
119186
119185
119184
120846
121713
121700
121669
121654
121639
121508
121141
121071
121031
121002
120921
120884
120641
120400
120399
120302
120241
121714
121715
121716
121717
121718
122302
122300
122025
121956
121937
121933
116546
116552
116557
116656
123669
123827
123809
123808
123755
123753
123752
123750
123670
123652
116657
124116
123856
123859
123861
123865
123900
124037
124039
124079
124101
123837
124130
124176
124198
124199
124205
124206
124217
124248
123834
124252
124398
124432
124434
124442
124444
124447
124525
124530
124559
124561
124566
124584
124587
124592
124593
124595
124597
124598
124604
124615
124241
124242
124240
124239
124238
124237
124236
124235
124686
124683
124680
123418
124914
124907
124878
124855
124843
124825
124702
124699
124691
124928
124927
124926
124925
124924
124601
124975
124974
124973
124972
124968
124936
124983
124982
124981
124980
124976
125078
125001
125095
125110
125112
125113
125114
125116
125117
125118
125134
125144
125187
125188
125189
125191
125192
125235
126603
126418
126420
126428
126546
126549
126550
126553
126555
126557
126558
126417
126604
126605
126606
126609
126617
126619
126630
126648
126661
126354
124930
126252
126349
126352
126353
126355
126406
126407
126410
126411
126412
126413
126414
126415
126416
126665
126782
126793
126795
126796
126798
126898
127007
127005
126980
126970
126963
126937
126932
126914
126910
127021
127107
127118
127117
127115
127114
127113
127112
127111
127109
127108
127106
127104
127100
127093
127089
127082
127030
127029
127023
127152
127151
127149
127148
127147
127144
127143
127140
127137
127162
127215
127217
127224
127234
127257
127273
127275
127281
127282
127283
127284
127300
127304
127628
127624
127571
127458
127453
127449
127446
127642
127640
126621
127679
127693
127731
127735
127736
127737
128724
128788
128787
128786
128756
128755
128750
128748
128738
128735
128728
128723
128722
128721
127648
127647
127634
127630
127629
128918
128929
128928
128927
128926
128925
128924
128922
128921
128920
128930
128917
128916
128912
128911
128909
128908
128907
128906
128905
129046
129135
129136
129102
129080
129077
129074
129069
129066
129049
128904
129043
129042
129039
129038
128987
128933
128932
128931
128861
128903
128892
128888
128880
128878
128873
128869
128866
128865
128858
128857
128856
128854
128853
128852
128851
129160
129400
129380
129378
129196
129195
129194
129193
129177
129172
129673
129672
129671
129670
129669
129668
129667
129666
129665
129603
129546
129765
129795
129794
129782
129778
129774
129773
129771
129770
129768
129764
129763
129762
129744
130984
131108
131105
131104
130996
130994
130991
130989
130987
130986
130985
129644
129403
129220
129218
129209
129207
129205
132705
132832
132830
132829
132828
132827
132826
132823
132750
132834
132694
132689
132660
132658
132657
132652
132650
132649
132934
132972
132967
132966
132961
132959
132957
132952
132942
132938
132648
132931
132930
132929
132928
132925
132924
132922
132865
132835
132605
132646
132645
132644
132635
132626
132624
132623
132622
132614
132599
132597
132596
132591
132590
132589
132587
132581
132578
133054
133275
133170
133169
133096
133086
133082
133081
133077
133067
133062
133060
133020
132994
132992
132991
132990
133314
133350
133499
133506
133508
133511
133514
133515
133520
133539
134640
135270
135063
134880
134872
134871
134869
134828
134824
134823
134821
134789
134787
134641
134623
134621
134620
134614
134613
133775
133771
133765
133610
133496
132853
132809
132653
135317
135316
135306
135371
135324
135336
135340
135347
135348
135349
135350
135351
135364
135365
135366
135367
135368
135369
135370
135323
135372
135373
135446
135503
135536
135599
135600
135603
135604
135609
135616
135619
135620
135622
135627
135626
135625
135628
135691
135759
135733
135715
135714
135712
135695
135694
135693
135692
135690
135689
135688
135687
135686
135685
135684
135683
135629
